GateV	--
-20	6.0359582221281E-7
-19.8999996185303	5.82014706651535E-7
-19.7999992370605	5.81251867970423E-7
-19.7000007629395	5.80233972868882E-7
-19.6000003814697	5.77617583985557E-7
-19.5	5.76397724216804E-7
-19.3999996185303	5.77832054204919E-7
-19.2999992370605	5.87943361551879E-7
-19.2000007629395	5.84895190058887E-7
-19.1000003814697	5.72028000078717E-7
-19	5.66600078855117E-7
-18.8999996185303	5.63569358291716E-7
-18.7999992370605	5.59011482437199E-7
-18.7000007629395	5.58497333713603E-7
-18.6000003814697	5.54692576315574E-7
-18.5	5.51161406292522E-7
-18.3999996185303	5.45633099591214E-7
-18.2999992370605	5.39248560471606E-7
-18.2000007629395	5.36384959559655E-7
-18.1000003814697	5.33956210801989E-7
-18	5.29487920175598E-7
-17.8999996185303	5.25063796885661E-7
-17.7999992370605	5.21880167525524E-7
-17.7000007629395	5.17180865244882E-7
-17.6000003814697	5.13862801199139E-7
-17.5	5.13312897965079E-7
-17.3999996185303	5.08327104853379E-7
-17.2999992370605	5.04697197811765E-7
-17.2000007629395	4.97639007335238E-7
-17.1000003814697	4.94104710924148E-7
-17	4.8934981577986E-7
-16.8999996185303	4.84542965750734E-7
-16.7999992370605	4.79672280562227E-7
-16.7000007629395	4.76370928481629E-7
-16.6000003814697	4.7073689302124E-7
-16.5	4.67359086542274E-7
-16.3999996185303	4.62170277160112E-7
-16.2999992370605	4.58672616332478E-7
-16.2000007629395	4.55790200248885E-7
-16.1000003814697	4.49667737711934E-7
-16	4.47053338348269E-7
-15.8999996185303	4.41781367044314E-7
-15.8000001907349	4.37749463344517E-7
-15.6999998092651	4.34105913882377E-7
-15.6000003814697	4.30408846341379E-7
-15.5	4.25904090661788E-7
-15.3999996185303	4.2267609501323E-7
-15.3000001907349	4.17709088651463E-7
-15.1999998092651	4.15976757039971E-7
-15.1000003814697	4.13029653145713E-7
-15	4.08709070143232E-7
-14.8999996185303	4.04329369985135E-7
-14.8000001907349	4.00690652213598E-7
-14.6999998092651	3.9930839079716E-7
-14.6000003814697	3.94913143964004E-7
-14.5	3.91851330050486E-7
-14.3999996185303	3.88132264106389E-7
-14.3000001907349	3.82458722469892E-7
-14.1999998092651	3.69228217778073E-7
-14.1000003814697	3.62500770734187E-7
-14	3.57877354417724E-7
-13.8999996185303	3.53900702521059E-7
-13.8000001907349	3.51321148173156E-7
-13.6999998092651	3.48108102343758E-7
-13.6000003814697	3.43406043157302E-7
-13.5	3.39376299507421E-7
-13.3999996185303	3.37237139547142E-7
-13.3000001907349	3.34689275405253E-7
-13.1999998092651	3.31633373207296E-7
-13.1000003814697	3.27754804629876E-7
-13	3.23595088502771E-7
-12.8999996185303	3.20778241302833E-7
-12.8000001907349	3.17033766350505E-7
-12.6999998092651	3.14164793735472E-7
-12.6000003814697	3.10407472170482E-7
-12.5	3.06670159488931E-7
-12.3999996185303	3.03651120248105E-7
-12.3000001907349	3.00226105309775E-7
-12.1999998092651	2.95823440410459E-7
-12.1000003814697	2.91832918719592E-7
-12	2.87901855244854E-7
-11.8999996185303	2.84093147229214E-7
-11.8000001907349	2.79703755268201E-7
-11.6999998092651	2.75227591828298E-7
-11.6000003814697	2.71582109689916E-7
-11.5	2.67890669647386E-7
-11.3999996185303	2.64800092963924E-7
-11.3000001907349	2.61094925235739E-7
-11.1999998092651	2.57697109873334E-7
-11.1000003814697	2.53722959087099E-7
-11	2.50324518447087E-7
-10.8999996185303	2.45016053668223E-7
-10.8000001907349	2.42438744635365E-7
-10.6999998092651	2.38988832279574E-7
-10.6000003814697	2.35089345324013E-7
-10.5	2.31632128588899E-7
-10.3999996185303	2.28021349357732E-7
-10.3000001907349	2.2468475435744E-7
-10.1999998092651	2.19653642830053E-7
-10.1000003814697	2.17348556930119E-7
-10	2.14748951066213E-7
-9.89999961853027	2.10774587117157E-7
-9.80000019073486	2.06180942541323E-7
-9.69999980926514	2.03568973233814E-7
-9.60000038146973	2.00393500904283E-7
-9.5	1.96719099676557E-7
-9.39999961853027	1.93957987448812E-7
-9.30000019073486	1.90818042256069E-7
-9.19999980926514	1.87162157772036E-7
-9.10000038146973	1.83955890520338E-7
-9	1.8121713196706E-7
-8.89999961853027	1.78404121697895E-7
-8.80000019073486	1.74865775193211E-7
-8.69999980926514	1.71868947518306E-7
-8.60000038146973	1.67962710406755E-7
-8.5	1.65351423220272E-7
-8.39999961853027	1.62091481570315E-7
-8.30000019073486	1.58423148377551E-7
-8.19999980926514	1.55846393568027E-7
-8.10000038146973	1.5243669793108E-7
-8	1.48978898550922E-7
-7.90000009536743	1.46531391465032E-7
-7.80000019073486	1.43179477163358E-7
-7.69999980926514	1.3878958782243E-7
-7.59999990463257	1.35571127657386E-7
-7.5	1.32431679844558E-7
-7.40000009536743	1.30181561530662E-7
-7.30000019073486	1.27291130525009E-7
-7.19999980926514	1.23923896921951E-7
-7.09999990463257	1.20959725791181E-7
-7	1.19452323588121E-7
-6.90000009536743	1.15969100988877E-7
-6.80000019073486	1.13862853368119E-7
-6.69999980926514	1.10043401946314E-7
-6.59999990463257	1.0691373120153E-7
-6.5	1.0374957781778E-7
-6.40000009536743	1.00411305936632E-7
-6.30000019073486	9.78093694925519E-8
-6.19999980926514	9.49979792608247E-8
-6.09999990463257	9.24526730727848E-8
-6	8.91868481289748E-8
-5.90000009536743	8.67068479237787E-8
-5.80000019073486	8.34291924434183E-8
-5.69999980926514	8.07407616321143E-8
-5.59999990463257	7.7584154212218E-8
-5.5	7.53422710886298E-8
-5.40000009536743	7.24871043189523E-8
-5.30000019073486	6.98806772447824E-8
-5.19999980926514	6.77958169603698E-8
-5.09999990463257	6.51374207905064E-8
-5	6.22894589241696E-8
-4.90000009536743	6.00448828436129E-8
-4.80000019073486	5.75843976946544E-8
-4.69999980926514	5.50582264224886E-8
-4.59999990463257	5.27469765643218E-8
-4.5	5.05950197293714E-8
-4.40000009536743	4.84030131531199E-8
-4.30000019073486	4.59195099722365E-8
-4.19999980926514	4.38890559451011E-8
-4.09999990463257	4.16839682770842E-8
-4	3.98257320455286E-8
-3.90000009536743	3.75240780670083E-8
-3.79999995231628	3.56852254412843E-8
-3.70000004768372	3.37531496086285E-8
-3.59999990463257	3.1791184795793E-8
-3.5	3.00329894287188E-8
-3.40000009536743	2.82021073161332E-8
-3.29999995231628	2.49263170104541E-8
-3.20000004768372	2.34875727755934E-8
-3.09999990463257	2.16530544605575E-8
-3	1.99621297269914E-8
-2.90000009536743	1.79755712537144E-8
-2.79999995231628	1.60500253088003E-8
-2.70000004768372	1.4297825146059E-8
-2.59999990463257	1.37068543182295E-8
-2.5	1.22234027344348E-8
-2.40000009536743	1.03034416554237E-8
-2.29999995231628	9.24405085811486E-9
-2.20000004768372	7.38766114949385E-9
-2.09999990463257	6.08545658309367E-9
-2	5.4147655248471E-9
-1.89999997615814	4.18251744349618E-9
-1.79999995231628	3.0284119656443E-9
-1.70000004768372	2.38126074414424E-9
-1.60000002384186	1.85892534698695E-9
-1.5	1.44148282199552E-9
-1.39999997615814	1.10126385788334E-9
-1.29999995231628	8.13641154451261E-10
-1.20000004768372	6.21762474839471E-10
-1.10000002384186	4.1258285676804E-10
-1	2.14217282801243E-10
-0.899999976158142	1.43621572967767E-10
-0.800000011920929	5.53821467852433E-11
-0.699999988079071	3.84425234700725E-11
-0.600000023841858	1.6511949793574E-11
-0.5	6.22377149817055E-12
-0.400000005960464	7.59026522190176E-13
-0.300000011920929	2.30129630629516E-12
-0.200000002980232	7.62726904204869E-13
-0.100000001490116	2.37543383400929E-12
0	2.14137748874056E-13
0.100000001490116	4.31898061151875E-13
0.200000002980232	2.35194828022978E-12
0.300000011920929	6.09700224335485E-13
0.400000005960464	1.41123918107056E-12
0.5	2.46215591317989E-12
0.600000023841858	5.24554141442812E-13
0.699999988079071	1.35914337510284E-12
0.800000011920929	2.48103035511982E-12
0.899999976158142	5.75489580035421E-13
1	1.40133304266099E-12
1.10000002384186	2.42265842803624E-12
1.20000004768372	5.66977671409563E-13
1.29999995231628	1.42421068428239E-12
1.39999997615814	2.54533069968255E-12
1.5	5.9235841058658E-13
1.60000002384186	1.52460845597585E-12
1.70000004768372	2.76777277312401E-12
1.79999995231628	6.93643005447026E-13
1.89999997615814	1.60189743414474E-12
2	3.00419997038837E-12
2.09999990463257	8.37885479314932E-13
2.20000004768372	1.82429722370148E-12
2.29999995231628	3.31680950066415E-12
2.40000009536743	1.14053894367111E-12
2.5	2.14334518015835E-12
2.59999990463257	3.57773533021799E-12
2.70000004768372	1.58111241113645E-12
2.79999995231628	2.73084896709741E-12
2.90000009536743	4.40753510078107E-12
3	2.36805887399161E-12
3.09999990463257	3.68417232485263E-12
3.20000004768372	5.66977974986171E-12
3.29999995231628	3.94255635083329E-12
3.40000009536743	5.46406496437779E-12
3.5	7.73230784956169E-12
3.59999990463257	5.70295893842498E-12
3.70000004768372	7.59101115299643E-12
3.79999995231628	1.03614825053278E-11
3.90000009536743	9.48158739022542E-12
4	1.18312746752447E-11
4.09999990463257	1.50509552737654E-11
4.19999980926514	1.60698520462743E-11
4.30000019073486	1.93900173695027E-11
4.40000009536743	2.32360589103031E-11
4.5	2.40282776314826E-11
4.59999990463257	2.90631355787108E-11
4.69999980926514	4.96493790524966E-10
4.80000019073486	1.57010321411022E-10
4.90000009536743	3.57470331113774E-10
5	6.13608386323961E-10
5.09999990463257	8.19855350275844E-10
5.19999980926514	2.24598406539656E-9
5.30000019073486	2.26276153370009E-8
5.40000009536743	2.77655587410663E-8
5.5	2.67252850960631E-8
5.59999990463257	3.34354801623249E-8
5.69999980926514	3.28004539085214E-8
5.80000019073486	3.38678098898981E-8
5.90000009536743	3.70731818577497E-8
6	3.89223018260054E-8
6.09999990463257	3.95828543275911E-8
6.19999980926514	4.11452489856856E-8
6.30000019073486	3.73012980503518E-8
6.40000009536743	4.12416163442231E-8
6.5	7.13337513502665E-8
6.59999990463257	7.38961318802467E-8
6.69999980926514	7.85878739861801E-8
6.80000019073486	7.98948178726278E-8
6.90000009536743	8.12985021525492E-8
7	7.86243461448066E-8
7.09999990463257	7.84908280593299E-8
7.19999980926514	8.06229536465253E-8
7.30000019073486	8.55531183674429E-8
7.40000009536743	9.29854380160577E-8
7.5	9.49069871580832E-8
7.59999990463257	9.7140755883629E-8
7.69999980926514	9.89929347383622E-8
7.80000019073486	1.01124555840215E-7
7.90000009536743	1.03518630112376E-7
8	1.11919760570345E-7
8.10000038146973	1.18285257144635E-7
8.19999980926514	1.21563260790936E-7
8.30000019073486	1.28061870441343E-7
8.39999961853027	1.29770597823153E-7
8.5	1.26588233229086E-7
8.60000038146973	1.37471886318963E-7
8.69999980926514	1.53178376649521E-7
8.80000019073486	1.59313174208364E-7
8.89999961853027	1.61551369615154E-7
9	1.66575574667149E-7
9.10000038146973	1.74864766222527E-7
9.19999980926514	1.79209152406656E-7
9.30000019073486	1.83979324219763E-7
9.39999961853027	1.82989708719106E-7
9.5	1.88962047786845E-7
9.60000038146973	1.92763195627776E-7
9.69999980926514	1.95167402239349E-7
9.80000019073486	2.04696590344611E-7
9.89999961853027	2.13823469152885E-7
10	2.19716753235844E-7
10.1000003814697	2.21942485723048E-7
10.1999998092651	2.26823999582848E-7
10.3000001907349	2.27812577691111E-7
10.3999996185303	2.3110838753837E-7
10.5	2.34361522188919E-7
10.6000003814697	2.39100842236439E-7
10.6999998092651	2.46838595785448E-7
10.8000001907349	2.50352400144038E-7
10.8999996185303	2.57372590795057E-7
11	2.69546632125639E-7
11.1000003814697	2.75145538353172E-7
11.1999998092651	2.80635674698715E-7
11.3000001907349	2.80825702247967E-7
11.3999996185303	2.85410237665928E-7
11.5	2.91492085580103E-7
11.6000003814697	2.94995459171332E-7
11.6999998092651	2.9646656685145E-7
11.8000001907349	3.04785402249763E-7
11.8999996185303	3.11542038389234E-7
12	3.16680171863482E-7
12.1000003814697	3.16146923751148E-7
12.1999998092651	3.19528538739178E-7
12.3000001907349	3.25117781585504E-7
12.3999996185303	3.29000897636433E-7
12.5	3.3383417985533E-7
12.6000003814697	3.33116418005375E-7
12.6999998092651	3.33470779878553E-7
12.8000001907349	3.44489990311558E-7
12.8999996185303	3.53113335904709E-7
13	3.51564665379556E-7
13.1000003814697	3.52214414078844E-7
13.1999998092651	3.56556114411433E-7
13.3000001907349	3.6273362979955E-7
13.3999996185303	3.69225290342001E-7
13.5	3.72519934899174E-7
13.6000003814697	3.8297477544802E-7
13.6999998092651	3.9642074511903E-7
13.8000001907349	3.98283589220227E-7
13.8999996185303	4.06918871931339E-7
14	4.09298621661947E-7
14.1000003814697	4.13024906720239E-7
14.1999998092651	4.22051357418241E-7
14.3000001907349	4.27627156796007E-7
14.3999996185303	4.30132985229648E-7
14.5	4.38013415759997E-7
14.6000003814697	4.33394092169692E-7
14.6999998092651	4.37797098129522E-7
14.8000001907349	4.45569412477198E-7
14.8999996185303	4.49867656016067E-7
15	4.55114957276237E-7
15.1000003814697	4.54649978109956E-7
15.1999998092651	4.66160344103628E-7
15.3000001907349	4.73516621468661E-7
15.3999996185303	4.76830592788247E-7
15.5	4.76627576517785E-7
15.6000003814697	4.76797168857956E-7
15.6999998092651	4.79179050216771E-7
15.8000001907349	4.86389694742684E-7
15.8999996185303	4.91984906147991E-7
16	4.9786143563324E-7
16.1000003814697	5.0787946292985E-7
16.2000007629395	5.1492304464773E-7
16.2999992370605	5.21983793078107E-7
16.3999996185303	5.23356789017271E-7
16.5	5.2922132454114E-7
16.6000003814697	5.37633241037838E-7
16.7000007629395	5.44762315257685E-7
16.7999992370605	5.48240336684103E-7
16.8999996185303	5.53718848550488E-7
17	5.5753395145075E-7
17.1000003814697	5.6215202448584E-7
17.2000007629395	5.62698232897674E-7
17.2999992370605	5.63113303542195E-7
17.3999996185303	5.67316533306439E-7
17.5	5.68464599837171E-7
17.6000003814697	5.73626664390758E-7
17.7000007629395	5.7797171848506E-7
17.7999992370605	5.82752022637578E-7
17.8999996185303	5.91221407830744E-7
18	5.97265625401633E-7
18.1000003814697	6.0196765616638E-7
18.2000007629395	6.08600430496153E-7
18.2999992370605	6.12846122294286E-7
18.3999996185303	6.19306661064911E-7
18.5	6.26300050043938E-7
18.6000003814697	6.3070490341488E-7
18.7000007629395	6.43045552806143E-7
18.7999992370605	6.44699753138411E-7
18.8999996185303	6.46271928417264E-7
19	6.4454565062988E-7
19.1000003814697	6.51056211609102E-7
19.2000007629395	6.54163670787966E-7
19.2999992370605	6.61462877360464E-7
19.3999996185303	6.6765392148227E-7
19.5	6.72397618473042E-7
19.6000003814697	6.79145216508914E-7
19.7000007629395	6.8012991505384E-7
19.7999992370605	6.80363712035614E-7
19.8999996185303	6.85364796026988E-7
20	6.89913690621324E-7
19.5	6.93627271175501E-7
19.3999996185303	6.89877140302997E-7
19.2999992370605	6.87056626702542E-7
19.2000007629395	6.85319548665575E-7
19.1000003814697	6.76277124966873E-7
19	6.71684460940014E-7
18.8999996185303	6.67052177050209E-7
18.7999992370605	6.64060678445821E-7
18.7000007629395	6.60646662709041E-7
18.6000003814697	6.56482143313042E-7
18.5	6.51455309252924E-7
18.3999996185303	6.46683815830329E-7
18.2999992370605	6.43082330498146E-7
18.2000007629395	6.37980690498807E-7
18.1000003814697	6.28934515134461E-7
18	6.23863627424726E-7
17.8999996185303	6.19831723724928E-7
17.7999992370605	6.18862770807027E-7
17.7000007629395	6.14415171185101E-7
17.6000003814697	6.10402480560879E-7
17.5	6.03153580414073E-7
17.3999996185303	6.00122234573064E-7
17.2999992370605	5.9704024124585E-7
17.2000007629395	5.93876563925733E-7
17.1000003814697	5.89551575558289E-7
17	5.81876065552933E-7
16.8999996185303	5.7889781146514E-7
16.7999992370605	5.78109563775797E-7
16.7000007629395	5.75382216538856E-7
16.6000003814697	5.68690552427142E-7
16.5	5.67213533031463E-7
16.3999996185303	5.64887670861935E-7
16.2999992370605	5.59891418561165E-7
16.2000007629395	5.539847052205E-7
16.1000003814697	5.50192680748296E-7
16	5.45820171282685E-7
15.8999996185303	5.42281611615181E-7
15.8000001907349	5.36897402980685E-7
15.6999998092651	5.33309730599285E-7
15.6000003814697	5.29282260686159E-7
15.5	5.26326061844884E-7
15.3999996185303	5.21068443504191E-7
15.3000001907349	5.16962984420388E-7
15.1999998092651	5.14982559707278E-7
15.1000003814697	5.09743983911903E-7
15	5.06553362811246E-7
14.8999996185303	5.04960667058185E-7
14.8000001907349	5.01994065871259E-7
14.6999998092651	4.97430676205113E-7
14.6000003814697	4.90966897359613E-7
14.5	4.89283706883725E-7
14.3999996185303	4.85146074424847E-7
14.3000001907349	4.81287088405224E-7
14.1999998092651	4.7721215423735E-7
14.1000003814697	4.71361943255033E-7
14	4.61397490880699E-7
13.8999996185303	4.57299108802545E-7
13.8000001907349	4.52479838486397E-7
13.6999998092651	4.4296615442363E-7
13.6000003814697	4.41201819967318E-7
13.5	4.36615238186278E-7
13.3999996185303	4.33202018257361E-7
13.3000001907349	4.29051141281889E-7
13.1999998092651	4.24429771328505E-7
13.1000003814697	4.19003896467984E-7
13	4.17151966303209E-7
12.8999996185303	4.11765455510249E-7
12.8000001907349	4.07653402589858E-7
12.6999998092651	4.02980617764115E-7
12.6000003814697	4.00149815504847E-7
12.5	3.96917556599874E-7
12.3999996185303	3.93494872241718E-7
12.3000001907349	3.89126256550298E-7
12.1999998092651	3.81661806159173E-7
12.1000003814697	3.75593799617491E-7
12	3.71655801245652E-7
11.8999996185303	3.69722414461648E-7
11.8000001907349	3.69610461348202E-7
11.6999998092651	3.62708561851832E-7
11.6000003814697	3.54110483158365E-7
11.5	3.50232880919066E-7
11.3999996185303	3.43026641758115E-7
11.3000001907349	3.39271423399623E-7
11.1999998092651	3.3658258757896E-7
11.1000003814697	3.31602677761111E-7
11	3.28522787640395E-7
10.8999996185303	3.27025077240251E-7
10.8000001907349	3.22957049547767E-7
10.6999998092651	3.1901296893011E-7
10.6000003814697	3.13161990561639E-7
10.5	3.08466184151257E-7
10.3999996185303	3.04357143932066E-7
10.3000001907349	3.02966867593568E-7
10.1999998092651	2.99367030720532E-7
10.1000003814697	2.96618082984423E-7
10	2.9298817594281E-7
9.89999961853027	2.88281711391392E-7
9.80000019073486	2.83891893104737E-7
9.69999980926514	2.80331647672938E-7
9.60000038146973	2.76487668315895E-7
9.5	2.73513705906225E-7
9.39999961853027	2.69779718564678E-7
9.30000019073486	2.64990774212492E-7
9.19999980926514	2.61253234157266E-7
9.10000038146973	2.56358504202581E-7
9	2.52566707104052E-7
8.89999961853027	2.48229270027878E-7
8.80000019073486	2.45107997898231E-7
8.69999980926514	2.41571484593806E-7
8.60000038146973	2.38156175669246E-7
8.5	2.3491438128076E-7
8.39999961853027	2.3159292084074E-7
8.30000019073486	2.28400523383243E-7
8.19999980926514	2.22188546672442E-7
8.10000038146973	2.21022091295708E-7
8	2.17374321209718E-7
7.90000009536743	2.13214789823724E-7
7.80000019073486	2.09288799624119E-7
7.69999980926514	2.05334856673289E-7
7.59999990463257	2.02020885353704E-7
7.5	1.99184711391354E-7
7.40000009536743	1.96036964439372E-7
7.30000019073486	1.92298756473974E-7
7.19999980926514	1.89158157581915E-7
7.09999990463257	1.85650108619484E-7
7	1.82044928465075E-7
6.90000009536743	1.77792557565226E-7
6.80000019073486	1.75345832076346E-7
6.69999980926514	1.72131365161476E-7
6.59999990463257	1.69118465009888E-7
6.5	1.656901105207E-7
6.40000009536743	1.61965189704461E-7
6.30000019073486	1.58196982624759E-7
6.19999980926514	1.5451666968147E-7
6.09999990463257	1.50927391473488E-7
6	1.47501836522679E-7
5.90000009536743	1.44032256343962E-7
5.80000019073486	1.40512923962888E-7
5.69999980926514	1.37707729663816E-7
5.59999990463257	1.35025914005382E-7
5.5	1.3248973118607E-7
5.40000009536743	1.2940401461492E-7
5.30000019073486	1.2471183197249E-7
5.19999980926514	1.1986503523076E-7
5.09999990463257	1.1685264666994E-7
5	1.13617986130521E-7
4.90000009536743	1.10060923930178E-7
4.80000019073486	1.06211643924325E-7
4.69999980926514	1.02859701200941E-7
4.59999990463257	9.94603865933641E-8
4.5	9.80493197744181E-8
4.40000009536743	9.17019562507448E-8
4.30000019073486	8.86420963297496E-8
4.19999980926514	8.47117078706106E-8
4.09999990463257	7.96769086264248E-8
4	7.54550697479317E-8
3.90000009536743	7.23360145116203E-8
3.79999995231628	6.95864770250409E-8
3.70000004768372	6.63661623434564E-8
3.59999990463257	6.3205639833086E-8
3.5	6.04127237124885E-8
3.40000009536743	5.72314355906656E-8
3.29999995231628	5.42531211067399E-8
3.20000004768372	5.21676604137156E-8
3.09999990463257	4.93923622002512E-8
3	4.66794638498413E-8
2.90000009536743	4.41904006720506E-8
2.79999995231628	4.15124112862486E-8
2.70000004768372	3.83084071131634E-8
2.59999990463257	3.48775195391227E-8
2.5	3.10131085257126E-8
2.40000009536743	2.92413773195221E-8
2.29999995231628	2.71487508030077E-8
2.20000004768372	2.45977904711481E-8
2.09999990463257	2.21188241056325E-8
2	2.00854604059941E-8
1.89999997615814	1.85605646407794E-8
1.79999995231628	1.68386993237846E-8
1.70000004768372	1.52201451442124E-8
1.60000002384186	1.38164866214652E-8
1.5	1.12634372939624E-8
1.39999997615814	9.21477294468787E-9
1.29999995231628	8.16144840598554E-9
1.20000004768372	6.92335611063299E-9
1.10000002384186	5.69033931085983E-9
1	4.87607421106873E-9
0.899999976158142	3.23788951206438E-9
0.800000011920929	2.72837352710553E-9
0.699999988079071	1.54230017646029E-9
0.600000023841858	1.10950071352534E-9
0.5	6.7136440851101E-10
0.400000005960464	4.70326222412609E-10
0.300000011920929	2.37837194383417E-10
0.200000002980232	1.48935835886377E-10
0.100000001490116	2.89607991451127E-13
0	2.53134617217085E-13
-0.100000001490116	5.97400330159398E-13
-0.200000002980232	4.89617298527617E-13
-0.300000011920929	8.98426298634458E-14
-0.400000005960464	6.10204649396234E-13
-0.5	5.01803405685702E-13
-0.600000023841858	7.81515829698445E-14
-0.699999988079071	5.98491417015679E-13
-0.800000011920929	3.73151840373301E-13
-0.899999976158142	9.88908729752415E-14
-1	6.30673735891457E-13
-1.10000002384186	4.09355681947263E-13
-1.20000004768372	7.09812254546388E-14
-1.29999995231628	5.89521920862923E-13
-1.39999997615814	3.20125463680945E-13
-1.5	5.63450043458529E-14
-1.60000002384186	5.73959608139718E-13
-1.70000004768372	4.65270129281631E-13
-1.79999995231628	1.95377026189492E-14
-1.89999997615814	5.31663797188886E-13
-2	3.20302839156364E-13
-2.09999990463257	3.78904535785346E-14
-2.20000004768372	4.54424882055313E-13
-2.29999995231628	2.45564419493194E-13
-2.40000009536743	1.30899644964523E-13
-2.5	3.25750196131583E-13
-2.59999990463257	1.29706981917208E-13
-2.70000004768372	3.15807357478479E-13
-2.79999995231628	1.52124881159892E-13
-2.90000009536743	1.07986671904828E-13
-3	5.73210749699182E-13
-3.09999990463257	1.85488614485446E-13
-3.20000004768372	5.79237233264834E-13
-3.29999995231628	9.14313655168975E-13
-3.40000009536743	5.82899559783273E-13
-3.5	1.04493421294177E-12
-3.59999990463257	1.49541089147082E-12
-3.70000004768372	1.20509960517545E-12
-3.79999995231628	1.55661171886284E-12
-3.90000009536743	2.24859540709499E-12
-4	2.08745130556021E-12
-4.09999990463257	2.66258738147729E-12
-4.19999980926514	2.22058153115379E-11
-4.30000019073486	1.36854538118625E-11
-4.40000009536743	1.04276857981755E-10
-4.5	1.23284535358259E-10
-4.59999990463257	1.95160707039399E-10
-4.69999980926514	2.65281685507546E-10
-4.80000019073486	1.002899638336E-10
-4.90000009536743	1.34885089209114E-10
-5	1.60748525601662E-10
-5.09999990463257	3.25711818627283E-10
-5.19999980926514	4.04478256443852E-10
-5.30000019073486	4.47976711281939E-10
-5.40000009536743	5.25735122103299E-10
-5.5	1.24477927965216E-9
-5.59999990463257	1.18283853822732E-8
-5.69999980926514	1.1972216107381E-8
-5.80000019073486	1.30173702928005E-8
-5.90000009536743	1.36743976142384E-8
-6	1.41978615531002E-8
-6.09999990463257	1.55078083707849E-8
-6.19999980926514	1.82222841260682E-8
-6.30000019073486	1.98183762734061E-8
-6.40000009536743	2.20615277157776E-8
-6.5	2.27403944563775E-8
-6.59999990463257	1.01695905030397E-8
-6.69999980926514	7.60709717440022E-9
-6.80000019073486	1.19713181589987E-8
-6.90000009536743	1.87538393703335E-8
-7	2.09467181377931E-8
-7.09999990463257	2.2588602988094E-8
-7.19999980926514	2.32006431843956E-8
-7.30000019073486	2.49764031678978E-8
-7.40000009536743	3.8898658516473E-8
-7.5	4.21340544676241E-8
-7.59999990463257	4.2361818941572E-8
-7.69999980926514	4.56384441349655E-8
-7.80000019073486	4.81875517266417E-8
-7.90000009536743	5.25443475396514E-8
-8	5.55534036550398E-8
-8.10000038146973	6.0019750947049E-8
-8.19999980926514	6.19195645867876E-8
-8.30000019073486	5.88679789359503E-8
-8.39999961853027	6.06487375875986E-8
-8.5	6.32937258160382E-8
-8.60000038146973	6.38510400108316E-8
-8.69999980926514	6.41257429379039E-8
-8.80000019073486	6.00632930058964E-8
-8.89999961853027	8.6287961664766E-8
-9	9.5809404854208E-8
-9.10000038146973	1.00356835730508E-7
-9.19999980926514	9.86785764212073E-8
-9.30000019073486	1.02580337113523E-7
-9.39999961853027	1.07104682456338E-7
-9.5	1.01499232130209E-7
-9.60000038146973	1.03494961933848E-7
-9.69999980926514	1.07248133929261E-7
-9.80000019073486	1.10585474999425E-7
-9.89999961853027	1.10936198893796E-7
-10	1.22755693610088E-7
-10.1000003814697	1.2730828302665E-7
-10.1999998092651	1.35450022753503E-7
-10.3000001907349	1.39247617880756E-7
-10.3999996185303	1.43787872275425E-7
-10.5	1.52072985315499E-7
-10.6000003814697	1.62930035685349E-7
-10.6999998092651	1.58934014393708E-7
-10.8000001907349	1.64413236802829E-7
-10.8999996185303	1.67775539239301E-7
-11	1.72695976630166E-7
-11.1000003814697	1.74829921206765E-7
-11.1999998092651	1.80011753059262E-7
-11.3000001907349	1.86515251243691E-7
-11.3999996185303	1.90308469427691E-7
-11.5	1.97290660253202E-7
-11.6000003814697	1.94956612631358E-7
-11.6999998092651	1.97951635527716E-7
-11.8000001907349	2.04408863169192E-7
-11.8999996185303	2.07891247328007E-7
-12	2.1550454221142E-7
-12.1000003814697	2.19107150201125E-7
-12.1999998092651	2.16143078546338E-7
-12.3000001907349	2.23764246243263E-7
-12.3999996185303	2.2750775485747E-7
-12.5	2.33620923495437E-7
-12.6000003814697	2.46962031269504E-7
-12.6999998092651	2.560846041888E-7
-12.8000001907349	2.58960852761447E-7
-12.8999996185303	2.64676174310807E-7
-13	2.71606836577121E-7
-13.1000003814697	2.76769696938572E-7
-13.1999998092651	2.67237055595615E-7
-13.3000001907349	2.70704560989543E-7
-13.3999996185303	2.76547126532023E-7
-13.5	2.8053364076186E-7
-13.6000003814697	2.82324918998711E-7
-13.6999998092651	2.86602102050892E-7
-13.8000001907349	2.90764035071334E-7
-13.8999996185303	2.93705738840799E-7
-14	2.96572011393437E-7
-14.1000003814697	3.03216921793137E-7
-14.1999998092651	3.03999343032046E-7
-14.3000001907349	3.1302371894526E-7
-14.3999996185303	3.18279546718259E-7
-14.5	3.26651672821754E-7
-14.6000003814697	3.28869361965189E-7
-14.6999998092651	3.33166525479101E-7
-14.8000001907349	3.39710510388613E-7
-14.8999996185303	3.45652125588458E-7
-15	3.48166310004672E-7
-15.1000003814697	3.44029899679299E-7
-15.1999998092651	3.49663650922594E-7
-15.3000001907349	3.54788255663152E-7
-15.3999996185303	3.62932155439921E-7
-15.5	3.67942817547373E-7
-15.6000003814697	3.72142011428878E-7
-15.6999998092651	3.75308218281134E-7
-15.8000001907349	3.82167115731136E-7
-15.8999996185303	3.88692370734134E-7
-16	3.95309768919105E-7
-16.1000003814697	4.04906955964179E-7
-16.2000007629395	4.03062529130693E-7
-16.2999992370605	4.05458166596873E-7
-16.3999996185303	4.13357952311344E-7
-16.5	4.10263339745143E-7
-16.6000003814697	4.23011243810834E-7
-16.7000007629395	4.3528882542887E-7
-16.7999992370605	4.36994412211789E-7
-16.8999996185303	4.42954558366182E-7
-17	4.46116757757409E-7
-17.1000003814697	4.52312832521784E-7
-17.2000007629395	4.55387691999931E-7
-17.2999992370605	4.56771203971584E-7
-17.3999996185303	4.57755078286937E-7
-17.5	4.73327872896334E-7
-17.6000003814697	4.82578911942255E-7
-17.7000007629395	4.91282776238222E-7
-17.7999992370605	4.97651058140036E-7
-17.8999996185303	4.94676214657375E-7
-18	4.89905005451874E-7
-18.1000003814697	5.02675163716049E-7
-18.2000007629395	5.05457819599542E-7
-18.2999992370605	5.12861220158811E-7
-18.3999996185303	5.2073369261052E-7
-18.5	5.24078814123641E-7
-18.6000003814697	5.24687266079127E-7
-18.7000007629395	5.35138838131388E-7
-18.7999992370605	5.33016134340869E-7
-18.8999996185303	5.35127412604197E-7
-19	5.4028271279094E-7
-19.1000003814697	5.4351215794668E-7
-19.2000007629395	5.48852256088139E-7
-19.2999992370605	5.60996568310657E-7
-19.3999996185303	5.65291543352942E-7
-19.5	5.64610331821314E-7
-19.6000003814697	5.70526594856346E-7
-19.7000007629395	5.75437127281475E-7
-19.7999992370605	5.79377626763744E-7
-19.8999996185303	5.83584096602863E-7
-20	5.72798910525307E-7
