GateV	GateI
0	1.08720414195387E-13
0.0500000007450581	2.16247646959294E-13
0.100000001490116	3.30571941348223E-13
0.150000005960464	3.41837777702303E-13
0.200000002980232	3.5158388787121E-13
0.25	3.52109671714756E-13
0.300000011920929	3.51907766165185E-13
0.349999994039536	3.5421058447449E-13
0.400000005960464	3.54983159837549E-13
0.449999988079071	3.56055679731626E-13
0.5	3.54966354703876E-13
0.550000011920929	3.57171892973254E-13
0.600000023841858	3.59378379919534E-13
0.649999976158142	3.59279717521838E-13
0.699999988079071	3.59383475669744E-13
0.75	3.5924120123966E-13
0.800000011920929	3.62963700978672E-13
0.850000023841858	3.63721883557891E-13
0.899999976158142	3.62434122427521E-13
0.949999988079071	3.65418361802233E-13
1	3.66297731079282E-13
1.04999995231628	3.64215900277784E-13
1.10000002384186	3.66086826651679E-13
1.14999997615814	3.71015799463179E-13
1.20000004768372	3.69125059294581E-13
1.25	3.74931666659653E-13
1.29999995231628	3.70525116664966E-13
1.35000002384186	3.71143843739749E-13
1.39999997615814	3.72442690837332E-13
1.45000004768372	3.7372578989836E-13
1.5	3.7340841681742E-13
1.54999995231628	3.77137313349249E-13
1.60000002384186	3.79188027548397E-13
1.64999997615814	3.80725209388547E-13
1.70000004768372	3.83037243416318E-13
1.75	3.79751460312383E-13
1.79999995231628	3.87137045511354E-13
1.85000002384186	3.85251943194054E-13
1.89999997615814	3.89641633844959E-13
1.95000004768372	3.89293903103188E-13
2	3.88416376969833E-13
2.04999995231628	3.94071385766137E-13
2.09999990463257	3.9774184380087E-13
2.15000009536743	3.98357480899461E-13
2.20000004768372	4.04149831005965E-13
2.25	4.05721463370146E-13
2.29999995231628	4.08127280885837E-13
2.34999990463257	4.10510194630634E-13
2.40000009536743	4.13872874773652E-13
2.45000004768372	4.1137685163721E-13
2.5	4.15950070610863E-13
2.54999995231628	4.21189829975105E-13
2.59999990463257	4.2810752772654E-13
2.65000009536743	4.30251239367033E-13
2.70000004768372	4.3978828825203E-13
2.75	4.47526320472222E-13
2.79999995231628	4.50168602481732E-13
2.84999990463257	4.58360291995946E-13
2.90000009536743	4.76785494765708E-13
2.95000004768372	4.97455917604361E-13
3	4.92959351724304E-13
3.04999995231628	5.08015287822849E-13
3.09999990463257	5.40791857909367E-13
3.15000009536743	5.79996445836117E-13
3.20000004768372	5.92457235614602E-13
3.25	6.34992275774793E-13
3.29999995231628	7.15266279364968E-13
3.34999990463257	1.01470156062267E-12
3.40000009536743	1.10066567405448E-12
3.45000004768372	1.19376112727582E-12
3.5	1.17018157316795E-12
3.54999995231628	1.25556075952771E-12
3.59999990463257	1.33666732196613E-12
3.65000009536743	1.58208060367648E-12
3.70000004768372	2.01836594312943E-12
3.75	2.61873031939808E-12
3.79999995231628	3.00195372032741E-12
3.84999990463257	3.73071669043656E-12
3.90000009536743	4.2969876788701E-12
3.95000004768372	5.29373767044206E-12
4	5.40590402303698E-12
4.05000019073486	6.25142212301588E-12
4.09999990463257	7.77763530662723E-12
4.15000009536743	9.40289686390816E-12
4.19999980926514	9.00252788982314E-12
4.25	9.97416559067599E-12
4.30000019073486	1.11290039683798E-11
4.34999990463257	6.64424210095049E-11
4.40000009536743	1.67263725092681E-9
4.44999980926514	2.94394508770779E-9
4.5	5.72567904200127E-9
4.55000019073486	4.57939819398234E-9
4.59999990463257	1.47918566284488E-8
4.65000009536743	1.94311606804831E-8
4.69999980926514	2.64177231201757E-8
4.75	2.98319200453534E-8
4.80000019073486	3.04160927555586E-8
4.84999990463257	3.13654275885256E-8
4.90000009536743	3.3182729453074E-8
4.94999980926514	3.34005960667128E-8
5	3.77962692255096E-8
5.05000019073486	3.79178501930255E-8
5.09999990463257	3.66226231562905E-8
5.15000009536743	3.86338498969963E-8
5.19999980926514	4.54459332388524E-8
5.25	2.91796578011372E-8
5.30000019073486	4.12246734526889E-8
5.34999990463257	4.63906424386096E-8
5.40000009536743	6.24257481263157E-8
5.44999980926514	5.72630618478343E-8
5.5	5.3688545165187E-8
5.55000019073486	5.54174590661205E-8
5.59999990463257	6.1464774603337E-8
5.65000009536743	6.10140986623264E-8
5.69999980926514	6.09466468404207E-8
5.75	6.21026217118015E-8
5.80000019073486	6.20072881929445E-8
5.84999990463257	6.43921680421045E-8
5.90000009536743	6.58385701512998E-8
5.94999980926514	7.15687278329824E-8
6	7.35956717790032E-8
6.05000019073486	7.3138487266533E-8
6.09999990463257	6.85441960968092E-8
6.15000009536743	6.61926691236658E-8
6.19999980926514	6.93921791139474E-8
6.25	6.99598388109735E-8
6.30000019073486	6.48644800094189E-8
6.34999990463257	7.22458040058882E-8
6.40000009536743	7.61144036687256E-8
6.44999980926514	8.08470943525208E-8
6.5	8.35818170230596E-8
6.55000019073486	8.63058815525619E-8
6.59999990463257	8.52132728823563E-8
6.65000009536743	8.95351348617623E-8
6.69999980926514	9.28592740478962E-8
6.75	9.64904032230152E-8
6.80000019073486	1.0086658619457E-7
6.84999990463257	1.00251774881599E-7
6.90000009536743	1.0390228766255E-7
6.94999980926514	1.04491306274213E-7
7	1.05282815354713E-7
7.05000019073486	1.05326925847749E-7
7.09999990463257	1.05276988904279E-7
7.15000009536743	1.05057111454698E-7
7.19999980926514	1.04201781425672E-7
7.25	1.06058067217418E-7
7.30000019073486	1.08924687935996E-7
7.34999990463257	1.16936696770154E-7
7.40000009536743	1.22074084174528E-7
7.44999980926514	1.15754467344686E-7
7.5	1.21017151855085E-7
7.55000019073486	1.24353903174779E-7
7.59999990463257	1.27356344137297E-7
7.65000009536743	1.34283382635658E-7
7.69999980926514	1.35854506311262E-7
7.75	1.3929555109371E-7
7.80000019073486	1.39742681426469E-7
7.84999990463257	1.40175174578872E-7
7.90000009536743	1.42870177910481E-7
7.94999980926514	1.4409972948215E-7
8	1.46716757853937E-7
8.05000019073486	1.48142191847001E-7
8.10000038146973	1.49725622122787E-7
8.14999961853027	1.51462970165994E-7
8.19999980926514	1.52110047224596E-7
8.25	1.53275735215175E-7
8.30000019073486	1.57082908458506E-7
8.35000038146973	1.62137567372156E-7
8.39999961853027	1.64159018822829E-7
8.44999980926514	1.6899586796626E-7
8.5	1.69579593034541E-7
8.55000019073486	1.72453894720093E-7
8.60000038146973	1.71067028986727E-7
8.64999961853027	1.76184201450269E-7
8.69999980926514	1.78895504632237E-7
8.75	1.81360903184213E-7
8.80000019073486	1.84223864607702E-7
8.85000038146973	1.86198491292089E-7
8.89999961853027	1.88743314311068E-7
8.94999980926514	1.91628657830734E-7
9	1.93256155966992E-7
9.05000019073486	1.95023247329118E-7
9.10000038146973	1.98196843825826E-7
9.14999961853027	1.99744377482602E-7
9.19999980926514	2.02596083909157E-7
9.25	2.0730804806135E-7
9.30000019073486	2.08364554055152E-7
9.35000038146973	2.14952606825136E-7
9.39999961853027	2.17145739611624E-7
9.44999980926514	2.18365897808326E-7
9.5	2.20868216160852E-7
9.55000019073486	2.21901871100272E-7
9.60000038146973	2.16245112483193E-7
9.64999961853027	2.14896587635849E-7
9.69999980926514	2.12308989944177E-7
9.75	2.22518309556108E-7
9.80000019073486	2.22920959913608E-7
9.85000038146973	2.34906423202119E-7
9.89999961853027	2.34362701689861E-7
9.94999980926514	2.35591883779307E-7
10	2.37064625707717E-7
10	2.35170304563326E-7
9.94999980926514	2.34175033142492E-7
9.89999961853027	2.34605593618653E-7
9.85000038146973	2.34557646194844E-7
9.80000019073486	2.22623370405017E-7
9.75	2.21987775717025E-7
9.69999980926514	2.23219601025448E-7
9.64999961853027	2.24989193498004E-7
9.60000038146973	2.22855490505935E-7
9.55000019073486	2.12328274074025E-7
9.5	1.95724553009313E-7
9.44999980926514	1.96380170791599E-7
9.39999961853027	2.04884216259416E-7
9.35000038146973	2.12639776009382E-7
9.30000019073486	2.12162021284712E-7
9.25	2.05030914912641E-7
9.19999980926514	2.09180441856915E-7
9.14999961853027	2.11221006907181E-7
9.10000038146973	2.07395260076737E-7
9.05000019073486	2.07646451144683E-7
9	2.07153689757433E-7
8.94999980926514	2.08048177796627E-7
8.89999961853027	2.03196464099165E-7
8.85000038146973	2.01367910790395E-7
8.80000019073486	2.00063226429847E-7
8.75	2.02250532765902E-7
8.69999980926514	2.01004951350114E-7
8.64999961853027	1.98392910988332E-7
8.60000038146973	1.96937392615837E-7
8.55000019073486	1.95252439993965E-7
8.5	1.92962644973704E-7
8.44999980926514	1.90923969967116E-7
8.39999961853027	1.90195308391594E-7
8.35000038146973	1.88776141385461E-7
8.30000019073486	1.88707829806845E-7
8.25	1.87203724522078E-7
8.19999980926514	1.84422731308587E-7
8.14999961853027	1.81906756324679E-7
8.10000038146973	1.7513153238724E-7
8.05000019073486	1.73752098930891E-7
8	1.73652750845577E-7
7.94999980926514	1.7316880018825E-7
7.90000009536743	1.71767595702477E-7
7.84999990463257	1.69788080484068E-7
7.80000019073486	1.67658626537559E-7
7.75	1.63862665658598E-7
7.69999980926514	1.63041050882384E-7
7.65000009536743	1.60660391657075E-7
7.59999990463257	1.6079087572507E-7
7.55000019073486	1.51117575342141E-7
7.5	1.5011318055258E-7
7.44999980926514	1.46596960348688E-7
7.40000009536743	1.44186600437024E-7
7.34999990463257	1.42765117061572E-7
7.30000019073486	1.41777434237156E-7
7.25	1.39698897783092E-7
7.19999980926514	1.37314870585215E-7
7.15000009536743	1.35105764798027E-7
7.09999990463257	1.34581128463651E-7
7.05000019073486	1.3367281326282E-7
7	1.31547423620759E-7
6.94999980926514	1.2966049212082E-7
6.90000009536743	1.29428656236996E-7
6.84999990463257	1.26840149050622E-7
6.80000019073486	1.27072340205814E-7
6.75	1.26733809224788E-7
6.69999980926514	1.24894356190453E-7
6.65000009536743	1.23167069432384E-7
6.59999990463257	1.21577912182147E-7
6.55000019073486	1.20049747920348E-7
6.5	1.18886283928532E-7
6.44999980926514	1.16544264017193E-7
6.40000009536743	1.15173484971365E-7
6.34999990463257	1.13648731314697E-7
6.30000019073486	1.11913735167946E-7
6.25	1.09826743255326E-7
6.19999980926514	1.07393290704749E-7
6.15000009536743	1.06738930583106E-7
6.09999990463257	1.0513425507952E-7
6.05000019073486	1.03491366587605E-7
6	1.02719766914561E-7
5.94999980926514	9.99905367393694E-8
5.90000009536743	9.81370860131392E-8
5.84999990463257	9.70334426142472E-8
5.80000019073486	9.62729345133084E-8
5.75	9.51585477082517E-8
5.69999980926514	9.29721650777537E-8
5.65000009536743	9.1094541687653E-8
5.59999990463257	8.92213947167875E-8
5.55000019073486	8.92213094516592E-8
5.5	8.72267520435344E-8
5.44999980926514	8.49117682832912E-8
5.40000009536743	8.32713595855239E-8
5.34999990463257	8.13754326145499E-8
5.30000019073486	7.94630068412516E-8
5.25	7.77526878437129E-8
5.19999980926514	7.72999158016319E-8
5.15000009536743	7.51294635392696E-8
5.09999990463257	7.35267988716259E-8
5.05000019073486	7.22382509366071E-8
5	7.08900387280664E-8
4.94999980926514	6.9375083455725E-8
4.90000009536743	6.82754404124353E-8
4.84999990463257	6.67033930312755E-8
4.80000019073486	6.48752376264383E-8
4.75	6.43477378048374E-8
4.69999980926514	6.18821474063225E-8
4.65000009536743	5.9937370622265E-8
4.59999990463257	6.04791523528547E-8
4.55000019073486	5.91272062422377E-8
4.5	5.78363170689045E-8
4.44999980926514	5.67182851796133E-8
4.40000009536743	5.52734924497145E-8
4.34999990463257	5.47456160404636E-8
4.30000019073486	5.35010187263651E-8
4.25	5.26486836349704E-8
4.19999980926514	5.15041413962081E-8
4.15000009536743	4.98328738274267E-8
4.09999990463257	4.86191886750476E-8
4.05000019073486	4.56740671950229E-8
4	4.47662955593842E-8
3.95000004768372	4.27486597232019E-8
3.90000009536743	4.14931200509727E-8
3.84999990463257	4.05833198158234E-8
3.79999995231628	3.80939120248058E-8
3.75	3.64921142192998E-8
3.70000004768372	3.6251496027262E-8
3.65000009536743	3.52905544787063E-8
3.59999990463257	3.4068829535272E-8
3.54999995231628	3.28833493767888E-8
3.5	3.19419477534666E-8
3.45000004768372	2.99426368144395E-8
3.40000009536743	2.88184516250567E-8
3.34999990463257	2.84092802615987E-8
3.29999995231628	2.76542237998001E-8
3.25	2.6885114579045E-8
3.20000004768372	2.58373287209679E-8
3.15000009536743	2.50370355558971E-8
3.09999990463257	2.4033713685867E-8
3.04999995231628	2.3193516440756E-8
3	2.29604300017172E-8
2.95000004768372	2.32743175843098E-8
2.90000009536743	2.21724221205477E-8
2.84999990463257	2.0423710722639E-8
2.79999995231628	1.85033091071318E-8
2.75	1.71913683288949E-8
2.70000004768372	1.70482348238465E-8
2.65000009536743	1.63828488553008E-8
2.59999990463257	1.55554804592839E-8
2.54999995231628	1.43862166623876E-8
2.5	1.16842002739759E-8
2.45000004768372	9.05738950507384E-9
2.40000009536743	8.32027602370999E-9
2.34999990463257	7.68137908835342E-9
2.29999995231628	6.9661285628797E-9
2.25	5.95765081712329E-9
2.20000004768372	5.39563238532992E-9
2.15000009536743	4.54748017020279E-9
2.09999990463257	4.26098134553854E-9
2.04999995231628	3.69242680875459E-9
2	3.4607989807256E-9
1.95000004768372	3.22819171394428E-9
1.89999997615814	3.25981286408705E-9
1.85000002384186	2.93359780911828E-9
1.79999995231628	2.67471778059303E-9
1.75	2.59932320112455E-9
1.70000004768372	2.38913999695001E-9
1.64999997615814	1.99010363743923E-9
1.60000002384186	1.53003698599719E-9
1.54999995231628	1.31071586917386E-9
1.5	1.01672747998549E-9
1.45000004768372	9.20411025173706E-10
1.39999997615814	8.45118253156585E-10
1.35000002384186	7.60277174549628E-10
1.29999995231628	5.89360282798879E-10
1.25	5.16890363844169E-10
1.20000004768372	4.39272090924092E-10
1.14999997615814	4.47830279803885E-11
1.10000002384186	3.6335485401745E-12
1.04999995231628	6.77207313663775E-13
1	5.52032703403371E-13
0.949999988079071	9.41044117630518E-13
0.899999976158142	5.4962788877469E-13
0.850000023841858	3.06789099333016E-13
0.800000011920929	3.00682276386383E-13
0.75	3.04146519167908E-13
0.699999988079071	2.92426456313666E-13
0.649999976158142	2.92524630820384E-13
